0 0
0 1
-1 1
-1 0
0 -1
1 -1
1 0
1 1
0 2
-1 2
-2 2
-2 1
-2 0
-1 -1
0 -2
1 -2
2 -2
2 -1
2 0
2 1
1 2
0 3
-1 3
-2 3
-3 3
-3 2
-3 1
-3 0
-2 -1
-1 -2
0 -3
1 -3
2 -3
3 -3
3 -2
3 -1
3 0
3 1
2 2
1 3
0 4
-1 4
-2 4
-3 4
-4 4
-4 3
-4 2
-4 1
-4 0
-3 -1
-2 -2
-1 -3
0 -4
1 -4
2 -4
3 -4
4 -4
4 -3
4 -2
4 -1
4 0
4 1
3 2
2 3
1 4
0 5
-1 5
-2 5
-3 5
-4 5
-5 5
-5 4
-5 3
-5 2
-5 1
-5 0
-4 -1
-3 -2
-2 -3
-1 -4
0 -5
1 -5
2 -5
3 -5
4 -5
5 -5
5 -4
5 -3
5 -2
5 -1
5 0
5 1
4 2
3 3
2 4
1 5
0 6
-1 6
-2 6
-3 6
103 80
104 79
105 78
106 77
107 76
108 75
109 74
110 73
111 72
112 71
113 70
114 69
115 68
116 67
117 66
118 65
119 64
120 63
121 62
122 61
123 60
124 59
125 58
126 57
127 56
128 55
129 54
130 53
131 52
132 51
-41 11
101 -61
116 30
103 -33
15 -20
-71 -37
-14 -80
-24 -107
-35 8
72 51
139 -51
-4 2
-102 102
70 -147
-97 0
-7 -108
-66 61
95 18
45 8
91 -127
43 -74
-94 15
58 -26
-129 85
76 -90
73 41
47 -8
52 -14
64 -141
-71 137
-58 134
20 79
81 2
30 -95
-105 -11
56 61
4 -16
-120 58
137 -129
147 -4
65 0
-36 54
-81 -65
87 60
81 -78
89 -29
-119 115
-114 69
-57 115
124 24
41 -15
-63 78
-7 -127
-105 -37
-138 138
7 77
-65 114
112 -44
33 -123
-94 140
13 -126
60 -56
132 -29
106 -98
-107 -20
33 42
-100 90
-97 22
79 22
113 -98
-14 -90
-26 60
-1 -97
-70 -36
131 -145
-124 143
13 -82
-139 69
-59 -74
-82 68
-68 -60
-45 8
-27 112
59 -48
67 46
-106 48
115 -97
92 2
124 -85
19 -116
23 94
-123 -18
-34 -17
-69 -64
58 0
-58 108
-36 -1
142 -23
111 -3
83 16
